//Full üresen (semmilyen FLAG)
[9877.010048783412, 0, 738.2628801098293;
0, 9852.921209084547, 1235.48028833685;
0, 0, 1]
 
[9874.569666536318, 0, 750.1195667072041;
0, 9853.340055600042, 1241.752244859202;
0, 0, 1]

//nem tudom, hogy mi változott...:(
[10112.96044241296, 0, 1370.479056317897;
0, 9968.732861140681, 991.7745575217056;
0, 0, 1]
 
[10091.1390158589, 0, 1326.665913926348;
0, 9945.369359821678, 986.2589827346094;
0, 0, 1]
 
[10097.09973368825, 0, 1300.350721642989;
0, 9955.108627628046, 991.907941984882;
0, 0, 1] 
 