board
[3.255689e+00, -2.731847e+00, 2.020000e+01]
[9.384044e+00, -7.874148e+00, 2.020000e+01]
[1.551240e+01, -1.301645e+01, 2.020000e+01]
[2.164076e+01, -1.815875e+01, 2.020000e+01]
[2.776911e+01, -2.330105e+01, 2.020000e+01]
[3.389747e+01, -2.844335e+01, 2.020000e+01]
[4.002582e+01, -3.358565e+01, 2.020000e+01]
[4.615418e+01, -3.872795e+01, 2.020000e+01]
[3.255689e+00, -2.731847e+00, 2.820000e+01]
[9.384044e+00, -7.874148e+00, 2.820000e+01]
[1.551240e+01, -1.301645e+01, 2.820000e+01]
[2.164076e+01, -1.815875e+01, 2.820000e+01]
[2.776911e+01, -2.330105e+01, 2.820000e+01]
[3.389747e+01, -2.844335e+01, 2.820000e+01]
[4.002582e+01, -3.358565e+01, 2.820000e+01]
[4.615418e+01, -3.872795e+01, 2.820000e+01]
[3.255689e+00, -2.731847e+00, 3.620000e+01]
[9.384044e+00, -7.874148e+00, 3.620000e+01]
[1.551240e+01, -1.301645e+01, 3.620000e+01]
[2.164076e+01, -1.815875e+01, 3.620000e+01]
[2.776911e+01, -2.330105e+01, 3.620000e+01]
[3.389747e+01, -2.844335e+01, 3.620000e+01]
[4.002582e+01, -3.358565e+01, 3.620000e+01]
[4.615418e+01, -3.872795e+01, 3.620000e+01]
[3.255689e+00, -2.731847e+00, 4.420000e+01]
[9.384044e+00, -7.874148e+00, 4.420000e+01]
[1.551240e+01, -1.301645e+01, 4.420000e+01]
[2.164076e+01, -1.815875e+01, 4.420000e+01]
[2.776911e+01, -2.330105e+01, 4.420000e+01]
[3.389747e+01, -2.844335e+01, 4.420000e+01]
[4.002582e+01, -3.358565e+01, 4.420000e+01]
[4.615418e+01, -3.872795e+01, 4.420000e+01]
[3.255689e+00, -2.731847e+00, 5.220000e+01]
[9.384044e+00, -7.874148e+00, 5.220000e+01]
[1.551240e+01, -1.301645e+01, 5.220000e+01]
[2.164076e+01, -1.815875e+01, 5.220000e+01]
[2.776911e+01, -2.330105e+01, 5.220000e+01]
[3.389747e+01, -2.844335e+01, 5.220000e+01]
[4.002582e+01, -3.358565e+01, 5.220000e+01]
[4.615418e+01, -3.872795e+01, 5.220000e+01]
[3.255689e+00, -2.731847e+00, 6.020000e+01]
[9.384044e+00, -7.874148e+00, 6.020000e+01]
[1.551240e+01, -1.301645e+01, 6.020000e+01]
[2.164076e+01, -1.815875e+01, 6.020000e+01]
[2.776911e+01, -2.330105e+01, 6.020000e+01]
[3.389747e+01, -2.844335e+01, 6.020000e+01]
[4.002582e+01, -3.358565e+01, 6.020000e+01]
[4.615418e+01, -3.872795e+01, 6.020000e+01]
board
[3.993694e+00, -1.453586e+00, 2.020000e+01]
[1.151123e+01, -4.189747e+00, 2.020000e+01]
[1.902878e+01, -6.925908e+00, 2.020000e+01]
[2.654632e+01, -9.662069e+00, 2.020000e+01]
[3.406386e+01, -1.239823e+01, 2.020000e+01]
[4.158140e+01, -1.513439e+01, 2.020000e+01]
[4.909894e+01, -1.787055e+01, 2.020000e+01]
[5.661648e+01, -2.060671e+01, 2.020000e+01]
[3.993694e+00, -1.453586e+00, 2.820000e+01]
[1.151123e+01, -4.189747e+00, 2.820000e+01]
[1.902878e+01, -6.925908e+00, 2.820000e+01]
[2.654632e+01, -9.662069e+00, 2.820000e+01]
[3.406386e+01, -1.239823e+01, 2.820000e+01]
[4.158140e+01, -1.513439e+01, 2.820000e+01]
[4.909894e+01, -1.787055e+01, 2.820000e+01]
[5.661648e+01, -2.060671e+01, 2.820000e+01]
[3.993694e+00, -1.453586e+00, 3.620000e+01]
[1.151123e+01, -4.189747e+00, 3.620000e+01]
[1.902878e+01, -6.925908e+00, 3.620000e+01]
[2.654632e+01, -9.662069e+00, 3.620000e+01]
[3.406386e+01, -1.239823e+01, 3.620000e+01]
[4.158140e+01, -1.513439e+01, 3.620000e+01]
[4.909894e+01, -1.787055e+01, 3.620000e+01]
[5.661648e+01, -2.060671e+01, 3.620000e+01]
[3.993694e+00, -1.453586e+00, 4.420000e+01]
[1.151123e+01, -4.189747e+00, 4.420000e+01]
[1.902878e+01, -6.925908e+00, 4.420000e+01]
[2.654632e+01, -9.662069e+00, 4.420000e+01]
[3.406386e+01, -1.239823e+01, 4.420000e+01]
[4.158140e+01, -1.513439e+01, 4.420000e+01]
[4.909894e+01, -1.787055e+01, 4.420000e+01]
[5.661648e+01, -2.060671e+01, 4.420000e+01]
[3.993694e+00, -1.453586e+00, 5.220000e+01]
[1.151123e+01, -4.189747e+00, 5.220000e+01]
[1.902878e+01, -6.925908e+00, 5.220000e+01]
[2.654632e+01, -9.662069e+00, 5.220000e+01]
[3.406386e+01, -1.239823e+01, 5.220000e+01]
[4.158140e+01, -1.513439e+01, 5.220000e+01]
[4.909894e+01, -1.787055e+01, 5.220000e+01]
[5.661648e+01, -2.060671e+01, 5.220000e+01]
[3.993694e+00, -1.453586e+00, 6.020000e+01]
[1.151123e+01, -4.189747e+00, 6.020000e+01]
[1.902878e+01, -6.925908e+00, 6.020000e+01]
[2.654632e+01, -9.662069e+00, 6.020000e+01]
[3.406386e+01, -1.239823e+01, 6.020000e+01]
[4.158140e+01, -1.513439e+01, 6.020000e+01]
[4.909894e+01, -1.787055e+01, 6.020000e+01]
[5.661648e+01, -2.060671e+01, 6.020000e+01]
board
[4.250000e+00, 0, 2.020000e+01]
[1.225000e+01, 0, 2.020000e+01]
[2.025000e+01, 0, 2.020000e+01]
[2.825000e+01, 0, 2.020000e+01]
[3.625000e+01, 0, 2.020000e+01]
[4.425000e+01, 0, 2.020000e+01]
[5.225000e+01, 0, 2.020000e+01]
[6.025000e+01, 0, 2.020000e+01]
[4.250000e+00, 0, 2.820000e+01]
[1.225000e+01, 0, 2.820000e+01]
[2.025000e+01, 0, 2.820000e+01]
[2.825000e+01, 0, 2.820000e+01]
[3.625000e+01, 0, 2.820000e+01]
[4.425000e+01, 0, 2.820000e+01]
[5.225000e+01, 0, 2.820000e+01]
[6.025000e+01, 0, 2.820000e+01]
[4.250000e+00, 0, 3.620000e+01]
[1.225000e+01, 0, 3.620000e+01]
[2.025000e+01, 0, 3.620000e+01]
[2.825000e+01, 0, 3.620000e+01]
[3.625000e+01, 0, 3.620000e+01]
[4.425000e+01, 0, 3.620000e+01]
[5.225000e+01, 0, 3.620000e+01]
[6.025000e+01, 0, 3.620000e+01]
[4.250000e+00, 0, 4.420000e+01]
[1.225000e+01, 0, 4.420000e+01]
[2.025000e+01, 0, 4.420000e+01]
[2.825000e+01, 0, 4.420000e+01]
[3.625000e+01, 0, 4.420000e+01]
[4.425000e+01, 0, 4.420000e+01]
[5.225000e+01, 0, 4.420000e+01]
[6.025000e+01, 0, 4.420000e+01]
[4.250000e+00, 0, 5.220000e+01]
[1.225000e+01, 0, 5.220000e+01]
[2.025000e+01, 0, 5.220000e+01]
[2.825000e+01, 0, 5.220000e+01]
[3.625000e+01, 0, 5.220000e+01]
[4.425000e+01, 0, 5.220000e+01]
[5.225000e+01, 0, 5.220000e+01]
[6.025000e+01, 0, 5.220000e+01]
[4.250000e+00, 0, 6.020000e+01]
[1.225000e+01, 0, 6.020000e+01]
[2.025000e+01, 0, 6.020000e+01]
[2.825000e+01, 0, 6.020000e+01]
[3.625000e+01, 0, 6.020000e+01]
[4.425000e+01, 0, 6.020000e+01]
[5.225000e+01, 0, 6.020000e+01]
[6.025000e+01, 0, 6.020000e+01]
board
[3.993694e+00, 1.453586e+00, 2.020000e+01]
[1.151123e+01, 4.189747e+00, 2.020000e+01]
[1.902878e+01, 6.925908e+00, 2.020000e+01]
[2.654632e+01, 9.662069e+00, 2.020000e+01]
[3.406386e+01, 1.239823e+01, 2.020000e+01]
[4.158140e+01, 1.513439e+01, 2.020000e+01]
[4.909894e+01, 1.787055e+01, 2.020000e+01]
[5.661648e+01, 2.060671e+01, 2.020000e+01]
[3.993694e+00, 1.453586e+00, 2.820000e+01]
[1.151123e+01, 4.189747e+00, 2.820000e+01]
[1.902878e+01, 6.925908e+00, 2.820000e+01]
[2.654632e+01, 9.662069e+00, 2.820000e+01]
[3.406386e+01, 1.239823e+01, 2.820000e+01]
[4.158140e+01, 1.513439e+01, 2.820000e+01]
[4.909894e+01, 1.787055e+01, 2.820000e+01]
[5.661648e+01, 2.060671e+01, 2.820000e+01]
[3.993694e+00, 1.453586e+00, 3.620000e+01]
[1.151123e+01, 4.189747e+00, 3.620000e+01]
[1.902878e+01, 6.925908e+00, 3.620000e+01]
[2.654632e+01, 9.662069e+00, 3.620000e+01]
[3.406386e+01, 1.239823e+01, 3.620000e+01]
[4.158140e+01, 1.513439e+01, 3.620000e+01]
[4.909894e+01, 1.787055e+01, 3.620000e+01]
[5.661648e+01, 2.060671e+01, 3.620000e+01]
[3.993694e+00, 1.453586e+00, 4.420000e+01]
[1.151123e+01, 4.189747e+00, 4.420000e+01]
[1.902878e+01, 6.925908e+00, 4.420000e+01]
[2.654632e+01, 9.662069e+00, 4.420000e+01]
[3.406386e+01, 1.239823e+01, 4.420000e+01]
[4.158140e+01, 1.513439e+01, 4.420000e+01]
[4.909894e+01, 1.787055e+01, 4.420000e+01]
[5.661648e+01, 2.060671e+01, 4.420000e+01]
[3.993694e+00, 1.453586e+00, 5.220000e+01]
[1.151123e+01, 4.189747e+00, 5.220000e+01]
[1.902878e+01, 6.925908e+00, 5.220000e+01]
[2.654632e+01, 9.662069e+00, 5.220000e+01]
[3.406386e+01, 1.239823e+01, 5.220000e+01]
[4.158140e+01, 1.513439e+01, 5.220000e+01]
[4.909894e+01, 1.787055e+01, 5.220000e+01]
[5.661648e+01, 2.060671e+01, 5.220000e+01]
[3.993694e+00, 1.453586e+00, 6.020000e+01]
[1.151123e+01, 4.189747e+00, 6.020000e+01]
[1.902878e+01, 6.925908e+00, 6.020000e+01]
[2.654632e+01, 9.662069e+00, 6.020000e+01]
[3.406386e+01, 1.239823e+01, 6.020000e+01]
[4.158140e+01, 1.513439e+01, 6.020000e+01]
[4.909894e+01, 1.787055e+01, 6.020000e+01]
[5.661648e+01, 2.060671e+01, 6.020000e+01]
board
[3.255689e+00, 2.731847e+00, 2.020000e+01]
[9.384044e+00, 7.874148e+00, 2.020000e+01]
[1.551240e+01, 1.301645e+01, 2.020000e+01]
[2.164076e+01, 1.815875e+01, 2.020000e+01]
[2.776911e+01, 2.330105e+01, 2.020000e+01]
[3.389747e+01, 2.844335e+01, 2.020000e+01]
[4.002582e+01, 3.358565e+01, 2.020000e+01]
[4.615418e+01, 3.872795e+01, 2.020000e+01]
[3.255689e+00, 2.731847e+00, 2.820000e+01]
[9.384044e+00, 7.874148e+00, 2.820000e+01]
[1.551240e+01, 1.301645e+01, 2.820000e+01]
[2.164076e+01, 1.815875e+01, 2.820000e+01]
[2.776911e+01, 2.330105e+01, 2.820000e+01]
[3.389747e+01, 2.844335e+01, 2.820000e+01]
[4.002582e+01, 3.358565e+01, 2.820000e+01]
[4.615418e+01, 3.872795e+01, 2.820000e+01]
[3.255689e+00, 2.731847e+00, 3.620000e+01]
[9.384044e+00, 7.874148e+00, 3.620000e+01]
[1.551240e+01, 1.301645e+01, 3.620000e+01]
[2.164076e+01, 1.815875e+01, 3.620000e+01]
[2.776911e+01, 2.330105e+01, 3.620000e+01]
[3.389747e+01, 2.844335e+01, 3.620000e+01]
[4.002582e+01, 3.358565e+01, 3.620000e+01]
[4.615418e+01, 3.872795e+01, 3.620000e+01]
[3.255689e+00, 2.731847e+00, 4.420000e+01]
[9.384044e+00, 7.874148e+00, 4.420000e+01]
[1.551240e+01, 1.301645e+01, 4.420000e+01]
[2.164076e+01, 1.815875e+01, 4.420000e+01]
[2.776911e+01, 2.330105e+01, 4.420000e+01]
[3.389747e+01, 2.844335e+01, 4.420000e+01]
[4.002582e+01, 3.358565e+01, 4.420000e+01]
[4.615418e+01, 3.872795e+01, 4.420000e+01]
[3.255689e+00, 2.731847e+00, 5.220000e+01]
[9.384044e+00, 7.874148e+00, 5.220000e+01]
[1.551240e+01, 1.301645e+01, 5.220000e+01]
[2.164076e+01, 1.815875e+01, 5.220000e+01]
[2.776911e+01, 2.330105e+01, 5.220000e+01]
[3.389747e+01, 2.844335e+01, 5.220000e+01]
[4.002582e+01, 3.358565e+01, 5.220000e+01]
[4.615418e+01, 3.872795e+01, 5.220000e+01]
[3.255689e+00, 2.731847e+00, 6.020000e+01]
[9.384044e+00, 7.874148e+00, 6.020000e+01]
[1.551240e+01, 1.301645e+01, 6.020000e+01]
[2.164076e+01, 1.815875e+01, 6.020000e+01]
[2.776911e+01, 2.330105e+01, 6.020000e+01]
[3.389747e+01, 2.844335e+01, 6.020000e+01]
[4.002582e+01, 3.358565e+01, 6.020000e+01]
[4.615418e+01, 3.872795e+01, 6.020000e+01]
