board
[0, 40, 0]
[8, 40, 0]
[16, 40, 0]
[24, 40, 0]
[32, 40, 0]
[40, 40, 0]
[48, 40, 0]
[56, 40, 0]
[0, 32, 0]
[8, 32, 0]
[16, 32, 0]
[24, 32, 0]
[32, 32, 0]
[40, 32, 0]
[48, 32, 0]
[56, 32, 0]
[0, 24, 0]
[8, 24, 0]
[16, 24, 0]
[24, 24, 0]
[32, 24, 0]
[40, 24, 0]
[48, 24, 0]
[56, 24, 0]
[0, 16, 0]
[8, 16, 0]
[16, 16, 0]
[24, 16, 0]
[32, 16, 0]
[40, 16, 0]
[48, 16, 0]
[56, 16, 0]
[0, 8, 0]
[8, 8, 0]
[16, 8, 0]
[24, 8, 0]
[32, 8, 0]
[40, 8, 0]
[48, 8, 0]
[56, 8, 0]
[0, 0, 0]
[8, 0, 0]
[16, 0, 0]
[24, 0, 0]
[32, 0, 0]
[40, 0, 0]
[48, 0, 0]
[56, 0, 0]
board
[0, 40, 0]
[8, 40, 0]
[16, 40, 0]
[24, 40, 0]
[32, 40, 0]
[40, 40, 0]
[48, 40, 0]
[56, 40, 0]
[0, 32, 0]
[8, 32, 0]
[16, 32, 0]
[24, 32, 0]
[32, 32, 0]
[40, 32, 0]
[48, 32, 0]
[56, 32, 0]
[0, 24, 0]
[8, 24, 0]
[16, 24, 0]
[24, 24, 0]
[32, 24, 0]
[40, 24, 0]
[48, 24, 0]
[56, 24, 0]
[0, 16, 0]
[8, 16, 0]
[16, 16, 0]
[24, 16, 0]
[32, 16, 0]
[40, 16, 0]
[48, 16, 0]
[56, 16, 0]
[0, 8, 0]
[8, 8, 0]
[16, 8, 0]
[24, 8, 0]
[32, 8, 0]
[40, 8, 0]
[48, 8, 0]
[56, 8, 0]
[0, 0, 0]
[8, 0, 0]
[16, 0, 0]
[24, 0, 0]
[32, 0, 0]
[40, 0, 0]
[48, 0, 0]
[56, 0, 0]
board
[0, 40, 0]
[8, 40, 0]
[16, 40, 0]
[24, 40, 0]
[32, 40, 0]
[40, 40, 0]
[48, 40, 0]
[56, 40, 0]
[0, 32, 0]
[8, 32, 0]
[16, 32, 0]
[24, 32, 0]
[32, 32, 0]
[40, 32, 0]
[48, 32, 0]
[56, 32, 0]
[0, 24, 0]
[8, 24, 0]
[16, 24, 0]
[24, 24, 0]
[32, 24, 0]
[40, 24, 0]
[48, 24, 0]
[56, 24, 0]
[0, 16, 0]
[8, 16, 0]
[16, 16, 0]
[24, 16, 0]
[32, 16, 0]
[40, 16, 0]
[48, 16, 0]
[56, 16, 0]
[0, 8, 0]
[8, 8, 0]
[16, 8, 0]
[24, 8, 0]
[32, 8, 0]
[40, 8, 0]
[48, 8, 0]
[56, 8, 0]
[0, 0, 0]
[8, 0, 0]
[16, 0, 0]
[24, 0, 0]
[32, 0, 0]
[40, 0, 0]
[48, 0, 0]
[56, 0, 0]
board
[0, 40, 0]
[8, 40, 0]
[16, 40, 0]
[24, 40, 0]
[32, 40, 0]
[40, 40, 0]
[48, 40, 0]
[56, 40, 0]
[0, 32, 0]
[8, 32, 0]
[16, 32, 0]
[24, 32, 0]
[32, 32, 0]
[40, 32, 0]
[48, 32, 0]
[56, 32, 0]
[0, 24, 0]
[8, 24, 0]
[16, 24, 0]
[24, 24, 0]
[32, 24, 0]
[40, 24, 0]
[48, 24, 0]
[56, 24, 0]
[0, 16, 0]
[8, 16, 0]
[16, 16, 0]
[24, 16, 0]
[32, 16, 0]
[40, 16, 0]
[48, 16, 0]
[56, 16, 0]
[0, 8, 0]
[8, 8, 0]
[16, 8, 0]
[24, 8, 0]
[32, 8, 0]
[40, 8, 0]
[48, 8, 0]
[56, 8, 0]
[0, 0, 0]
[8, 0, 0]
[16, 0, 0]
[24, 0, 0]
[32, 0, 0]
[40, 0, 0]
[48, 0, 0]
[56, 0, 0]
board
[0, 40, 0]
[8, 40, 0]
[16, 40, 0]
[24, 40, 0]
[32, 40, 0]
[40, 40, 0]
[48, 40, 0]
[56, 40, 0]
[0, 32, 0]
[8, 32, 0]
[16, 32, 0]
[24, 32, 0]
[32, 32, 0]
[40, 32, 0]
[48, 32, 0]
[56, 32, 0]
[0, 24, 0]
[8, 24, 0]
[16, 24, 0]
[24, 24, 0]
[32, 24, 0]
[40, 24, 0]
[48, 24, 0]
[56, 24, 0]
[0, 16, 0]
[8, 16, 0]
[16, 16, 0]
[24, 16, 0]
[32, 16, 0]
[40, 16, 0]
[48, 16, 0]
[56, 16, 0]
[0, 8, 0]
[8, 8, 0]
[16, 8, 0]
[24, 8, 0]
[32, 8, 0]
[40, 8, 0]
[48, 8, 0]
[56, 8, 0]
[0, 0, 0]
[8, 0, 0]
[16, 0, 0]
[24, 0, 0]
[32, 0, 0]
[40, 0, 0]
[48, 0, 0]
[56, 0, 0]
